SA2_MAIN16,state,liberal/national coalition votes,australian labor party votes,totalvotes
101021007,NSW,655,850,1505
101021008,NSW,600,937,1537
101021009,NSW,7954,9937,17891
101021010,NSW,756,1040,1796
101021011,NSW,3023,3052,6075
101021012,NSW,1818,1772,3590
101031013,NSW,633,404,1037
101031014,NSW,3313,2584,5897
101031015,NSW,369,234,603
101031016,NSW,1794,1315,3109
101041017,NSW,5083,4898,9981
101041018,NSW,979,1011,1990
101041019,NSW,3119,3932,7051
101041020,NSW,1257,1836,3093
101041021,NSW,645,831,1476
101041023,NSW,906,695,1601
101041024,NSW,435,516,951
101041025,NSW,3918,3556,7474
101041026,NSW,1487,2055,3542
101041027,NSW,2866,3268,6134
101051539,NSW,10432,7158,17590
101051540,NSW,2597,1298,3895
101061541,NSW,2767,2661,5428
101061542,NSW,2479,2132,4611
101061543,NSW,5313,2192,7505
101061544,NSW,1835,931,2766
102011028,NSW,1277,1338,2615
102011029,NSW,1247,1155,2402
102011030,NSW,1282,742,2024
102011031,NSW,3908,2720,6628
102011032,NSW,8860,7618,16478
102011033,NSW,1422,1273,2695
102011034,NSW,6440,4642,11082
102011035,NSW,715,621,1336
102011036,NSW,951,851,1802
102011037,NSW,1115,1169,2284
102011038,NSW,1563,1012,2575
102011039,NSW,4171,3212,7383
102011040,NSW,3794,4250,8044
102011041,NSW,2289,1553,3842
102011042,NSW,8060,7885,15945
102011043,NSW,2085,2578,4663
102021044,NSW,3784,4233,8017
102021045,NSW,1353,2376,3729
102021046,NSW,1760,2165,3925
102021047,NSW,2865,3087,5952
102021048,NSW,3232,4578,7810
102021049,NSW,551,472,1023
102021050,NSW,2124,2242,4366
102021051,NSW,872,795,1667
102021052,NSW,1431,1400,2831
102021053,NSW,8058,7641,15699
102021054,NSW,1623,2046,3669
102021055,NSW,959,1161,2120
102021056,NSW,7958,8670,16628
102021057,NSW,5749,6060,11809
103011058,NSW,13408,8697,22105
103011059,NSW,1233,932,2165
103011060,NSW,1099,566,1665
103011061,NSW,1229,599,1828
103021062,NSW,2162,788,2950
103021063,NSW,4562,2065,6627
103021064,NSW,1456,480,1936
103021065,NSW,4325,1406,5731
103021066,NSW,1446,393,1839
103021067,NSW,4932,1947,6879
103021068,NSW,799,337,1136
103021069,NSW,2630,518,3148
103031070,NSW,5347,4100,9447
103031071,NSW,1781,1098,2879
103031072,NSW,7251,3585,10836
103031073,NSW,925,611,1536
103031074,NSW,1645,828,2473
103041076,NSW,2238,1076,3314
103041077,NSW,15145,8407,23552
103041078,NSW,1734,993,2727
103041079,NSW,3271,1246,4517
104011080,NSW,10753,5820,16573
104011081,NSW,2261,1231,3492
104011082,NSW,7084,3900,10984
104021083,NSW,881,1871,2752
104021084,NSW,2283,1677,3960
104021085,NSW,13156,8515,21671
104021086,NSW,769,558,1327
104021087,NSW,812,613,1425
104021088,NSW,1283,909,2192
104021089,NSW,4450,3175,7625
104021090,NSW,1303,1100,2403
104021091,NSW,3415,2817,6232
105011092,NSW,794,650,1444
105011093,NSW,1429,709,2138
105011094,NSW,841,837,1678
105011095,NSW,1616,647,2263
105011096,NSW,1313,994,2307
105021097,NSW,3982,6696,10678
105021098,NSW,164,308,472
105031099,NSW,2266,1564,3830
105031100,NSW,2796,1374,4170
105031101,NSW,14502,5890,20392
105031102,NSW,1214,567,1781
105031103,NSW,500,165,665
105031104,NSW,1294,500,1794
105031105,NSW,1927,716,2643
105031106,NSW,2467,1273,3740
106011107,NSW,1813,1876,3689
106011108,NSW,6631,8331,14962
106011109,NSW,1110,1295,2405
106011110,NSW,2767,1629,4396
106011111,NSW,3656,6908,10564
106011112,NSW,5809,5297,11106
106011113,NSW,669,461,1130
106021114,NSW,910,1464,2374
106021115,NSW,11553,13925,25478
106021116,NSW,1692,1404,3096
106021117,NSW,5295,7736,13031
106021118,NSW,1761,2378,4139
106031119,NSW,900,931,1831
106031120,NSW,1396,1535,2931
106031121,NSW,8967,6649,15616
106031122,NSW,6087,7047,13134
106031123,NSW,1322,858,2180
106031124,NSW,1745,908,2653
106031125,NSW,2880,2866,5746
106041126,NSW,5051,4537,9588
106041127,NSW,525,494,1019
106041128,NSW,2028,903,2931
106041129,NSW,1855,812,2667
107011131,NSW,7152,14137,21289
107011132,NSW,841,1719,2560
107011134,NSW,2292,3765,6057
107011545,NSW,1167,4155,5322
107011546,NSW,1003,3033,4036
107011547,NSW,525,1016,1541
107031136,NSW,2190,3796,5986
107031137,NSW,708,1546,2254
107031138,NSW,4185,4331,8516
107031139,NSW,897,1100,1997
107031140,NSW,1513,1592,3105
107031141,NSW,2453,3653,6106
107031142,NSW,1503,2973,4476
107031143,NSW,7641,15296,22937
107041144,NSW,2845,4691,7536
107041145,NSW,5827,10785,16612
107041146,NSW,3359,5302,8661
107041147,NSW,1875,2294,4169
107041148,NSW,1773,3409,5182
107041150,NSW,2954,5571,8525
107041548,NSW,7592,12023,19615
107041549,NSW,1143,2645,3788
108011151,NSW,1246,756,2002
108011152,NSW,8947,4439,13386
108011153,NSW,1534,1050,2584
108011154,NSW,1134,621,1755
108021155,NSW,7892,4023,11915
108021156,NSW,1655,961,2616
108021157,NSW,1589,873,2462
108021158,NSW,3328,2244,5572
108021159,NSW,1687,1248,2935
108021160,NSW,1501,751,2252
108031161,NSW,72,132,204
108041162,NSW,6673,3292,9965
108041163,NSW,17326,8102,25428
108041164,NSW,3738,1842,5580
108041165,NSW,1276,411,1687
108041166,NSW,4859,1843,6702
108051167,NSW,1734,759,2493
108051168,NSW,2227,1396,3623
108051169,NSW,12112,6269,18381
108051170,NSW,2997,1600,4597
108051171,NSW,1628,889,2517
109011172,NSW,2207,1306,3513
109011173,NSW,2100,1386,3486
109011174,NSW,11449,5888,17337
109011174,VIC,1127,679,1806
109011175,NSW,3580,1203,4783
109011176,NSW,3138,2074,5212
109021177,NSW,870,373,1243
109021178,NSW,1437,548,1985
109021179,NSW,774,214,988
109031180,NSW,2672,1109,3781
109031181,NSW,1783,714,2497
109031182,NSW,3544,1426,4970
109031183,NSW,1635,523,2158
109031184,NSW,966,340,1306
109031185,NSW,3155,1098,4253
110011186,NSW,9139,6610,15749
110011187,NSW,1097,371,1468
110011188,NSW,1298,790,2088
110011189,NSW,1252,216,1468
110021190,NSW,3679,1352,5031
110021191,NSW,6176,2205,8381
110021192,NSW,1096,359,1455
110021193,NSW,1796,439,2235
110021194,NSW,2428,979,3407
110031195,NSW,4075,1046,5121
110031196,NSW,950,250,1200
110031197,NSW,4089,1162,5251
110031198,NSW,1174,271,1445
110041199,NSW,5058,1640,6698
110041200,NSW,918,267,1185
110041201,NSW,2377,1176,3553
110041202,NSW,4175,2381,6556
110041203,NSW,13820,6382,20202
110041204,NSW,1435,861,2296
110041205,NSW,4670,1774,6444
111011206,NSW,7058,7729,14787
111011207,NSW,863,1189,2052
111011208,NSW,11214,13799,25013
111011209,NSW,3657,5524,9181
111011210,NSW,1203,2342,3545
111011211,NSW,694,847,1541
111011212,NSW,2344,2965,5309
111011213,NSW,2929,2473,5402
111011214,NSW,3008,3265,6273
111021215,NSW,1370,2314,3684
111021216,NSW,1356,1458,2814
111021217,NSW,3459,5067,8526
111021218,NSW,5867,4471,10338
111021219,NSW,5509,6366,11875
111021220,NSW,1577,1837,3414
111021221,NSW,1311,1944,3255
111031222,NSW,2745,4268,7013
111031223,NSW,1131,2259,3390
111031224,NSW,1137,2710,3847
111031225,NSW,3216,5416,8632
111031226,NSW,1600,2970,4570
111031227,NSW,1850,4819,6669
111031228,NSW,3568,4192,7760
111031229,NSW,6911,10557,17468
111031231,NSW,1070,2870,3940
111031232,NSW,1352,1991,3343
111031233,NSW,6483,11681,18164
111031234,NSW,918,2510,3428
111031235,NSW,979,3091,4070
112011236,NSW,8074,7388,15462
112011237,NSW,3065,2394,5459
112011238,NSW,688,1730,2418
112011239,NSW,932,2644,3576
112011240,NSW,2067,5074,7141
112011241,NSW,1571,954,2525
112011242,NSW,1011,1462,2473
112011243,NSW,925,3086,4011
112021244,NSW,6571,3189,9760
112021245,NSW,1339,728,2067
112021246,NSW,1815,1491,3306
112021247,NSW,1864,1258,3122
112021248,NSW,10436,9364,19800
112021249,NSW,1959,2853,4812
112031250,NSW,3525,3405,6930
112031251,NSW,3766,4307,8073
112031252,NSW,1393,1730,3123
112031253,NSW,1873,2566,4439
112031254,NSW,7836,6617,14453
112031254,QLD,1308,848,2156
112031550,NSW,2576,2244,4820
112031551,NSW,647,419,1066
112031552,NSW,4761,4453,9214
113011256,NSW,7900,3062,10962
113011257,NSW,3407,1016,4423
113011258,NSW,3681,1634,5315
113011259,NSW,2150,976,3126
113021260,NSW,827,676,1503
113021261,NSW,2695,2498,5193
113021262,NSW,553,490,1043
113031263,NSW,3184,1829,5013
113031264,NSW,1064,704,1768
113031265,NSW,1501,637,2138
113031266,NSW,2842,782,3624
113031267,NSW,4497,2042,6539
113031268,NSW,1581,836,2417
113031269,NSW,3702,2462,6164
113031270,NSW,13782,6787,20569
113031271,NSW,4441,1542,5983
114011272,NSW,1751,1859,3610
114011273,NSW,735,901,1636
114011274,NSW,982,1221,2203
114011276,NSW,2430,3131,5561
114011277,NSW,2130,2476,4606
114011278,NSW,10577,11622,22199
114011279,NSW,1756,2634,4390
114011280,NSW,1006,1052,2058
114011281,NSW,601,684,1285
114011282,NSW,6285,6693,12978
114011283,NSW,415,655,1070
114021284,NSW,9442,6438,15880
114021285,NSW,1527,1065,2592
114021286,NSW,1650,1649,3299
114021287,NSW,1738,1548,3286
114021288,NSW,830,719,1549
114021289,NSW,1179,996,2175
115011290,NSW,17987,8256,26243
115011291,NSW,5746,2707,8453
115011294,NSW,1797,461,2258
115011296,NSW,3208,1336,4544
115011553,NSW,1502,700,2202
115011554,NSW,2437,1032,3469
115011555,NSW,5708,2457,8165
115011556,NSW,1343,580,1923
115011558,NSW,7546,3437,10983
115011559,NSW,8283,3367,11650
115021297,NSW,7015,1745,8760
115021298,NSW,1809,593,2402
115031299,NSW,458,435,893
115031300,NSW,6242,3187,9429
115041301,NSW,3428,991,4419
115041302,NSW,7891,2965,10856
116011303,NSW,9136,14436,23572
116011304,NSW,2281,3386,5667
116011306,NSW,2728,4754,7482
116011307,NSW,4957,5228,10185
116011308,NSW,3553,4963,8516
116011560,NSW,1730,2707,4437
116011561,NSW,2036,2923,4959
116021309,NSW,2696,3629,6325
116021310,NSW,12721,10547,23268
116021312,NSW,4010,3251,7261
116021562,NSW,941,1027,1968
116021563,NSW,3360,3679,7039
116031313,NSW,1699,3912,5611
116031314,NSW,1712,2676,4388
116031315,NSW,2126,4353,6479
116031316,NSW,2665,4570,7235
116031317,NSW,2279,4743,7022
116031319,NSW,7910,12636,20546
117011321,NSW,1334,2404,3738
117011322,NSW,5322,8804,14126
117011323,NSW,2015,3232,5247
117021326,NSW,4405,15210,19615
117021327,NSW,1752,7174,8926
117021328,NSW,612,2397,3009
117031329,NSW,1679,3027,4706
117031330,NSW,1111,4330,5441
117031331,NSW,2283,6774,9057
117031332,NSW,1864,9983,11847
117031333,NSW,3209,5206,8415
117031334,NSW,1661,2258,3919
117031335,NSW,1327,3989,5316
117031336,NSW,1596,4675,6271
117031337,NSW,18354,23516,41870
117031338,NSW,2976,4904,7880
118011339,NSW,2712,3071,5783
118011340,NSW,2930,3108,6038
118011341,NSW,10204,6728,16932
118011343,NSW,5841,2699,8540
118011344,NSW,1197,321,1518
118011345,NSW,5133,4574,9707
118011346,NSW,7651,2519,10170
118011347,NSW,1448,989,2437
118021348,NSW,4093,5496,9589
118021350,NSW,3240,5044,8284
118021564,NSW,1523,1916,3439
118021565,NSW,1123,1373,2496
118021566,NSW,5637,6788,12425
118021567,NSW,1924,2986,4910
118021568,NSW,768,1156,1924
118021569,NSW,6965,8587,15552
118021570,NSW,1337,2035,3372
119011354,NSW,3072,4590,7662
119011356,NSW,1502,2326,3828
119011357,NSW,2870,5575,8445
119011358,NSW,7831,5829,13660
119011359,NSW,6187,4722,10909
119011360,NSW,3127,2928,6055
119011361,NSW,1500,3337,4837
119011571,NSW,1102,2645,3747
119011572,NSW,4858,10663,15521
119021362,NSW,5044,8595,13639
119021363,NSW,3126,5944,9070
119021364,NSW,4235,5822,10057
119021366,NSW,1624,3011,4635
119021367,NSW,1969,2717,4686
119021573,NSW,865,2993,3858
119021574,NSW,536,1991,2527
119031368,NSW,13164,10378,23542
119031369,NSW,4841,3906,8747
119031370,NSW,2025,1907,3932
119031371,NSW,3272,2580,5852
119031372,NSW,5105,3360,8465
119031373,NSW,1760,2094,3854
119031374,NSW,4922,2473,7395
119041375,NSW,2039,3722,5761
119041376,NSW,2891,4072,6963
119041377,NSW,2577,3182,5759
119041378,NSW,1216,1575,2791
119041379,NSW,3119,2768,5887
119041380,NSW,2065,2128,4193
119041381,NSW,6667,9208,15875
119041382,NSW,5933,3481,9414
120011383,NSW,11661,7905,19566
120011384,NSW,4083,3819,7902
120011385,NSW,4503,3744,8247
120011386,NSW,4666,3969,8635
120021387,NSW,1884,3749,5633
120021388,NSW,5066,13146,18212
120021389,NSW,2390,4918,7308
120031390,NSW,6400,11177,17577
120031391,NSW,3624,4282,7906
120031392,NSW,1547,3334,4881
120031393,NSW,2587,3257,5844
120031394,NSW,1083,4824,5907
120031395,NSW,1908,4173,6081
120031396,NSW,1554,2406,3960
120031575,NSW,3900,2431,6331
120031576,NSW,569,645,1214
121011398,NSW,10113,6396,16509
121011399,NSW,3415,2808,6223
121011400,NSW,7291,5115,12406
121011401,NSW,1550,1290,2840
121011402,NSW,8526,4715,13241
121021403,NSW,4132,3151,7283
121021404,NSW,3025,2607,5632
121021406,NSW,6194,4004,10198
121021577,NSW,1848,1599,3447
121021578,NSW,10125,6597,16722
121021579,NSW,1011,732,1743
121031407,NSW,4273,2333,6606
121031408,NSW,8171,4279,12450
121031409,NSW,6316,3405,9721
121031410,NSW,10357,3623,13980
121031411,NSW,4151,2283,6434
121031412,NSW,5278,2363,7641
121041413,NSW,2778,2081,4859
121041414,NSW,7403,5486,12889
121041415,NSW,10320,7872,18192
121041416,NSW,4074,3890,7964
121041417,NSW,3163,2817,5980
122011418,NSW,4731,4429,9160
122011419,NSW,5071,5502,10573
122021420,NSW,3018,2577,5595
122021421,NSW,671,358,1029
122021422,NSW,2956,1979,4935
122021423,NSW,16791,9041,25832
122031424,NSW,3168,2063,5231
122031425,NSW,2006,1038,3044
122031426,NSW,4353,3948,8301
122031427,NSW,3274,2186,5460
122031428,NSW,9687,4906,14593
122031429,NSW,12926,10973,23899
122031430,NSW,3049,2919,5968
122031431,NSW,6351,3690,10041
122031432,NSW,1416,575,1991
123011433,NSW,13942,6552,20494
123011434,NSW,5211,3240,8451
123011435,NSW,6940,5403,12343
123021436,NSW,2487,4717,7204
123021437,NSW,7593,11715,19308
123021438,NSW,2889,5171,8060
123021440,NSW,6522,9625,16147
123021441,NSW,2202,3361,5563
123021442,NSW,2672,4560,7232
123021443,NSW,2412,5378,7790
123021444,NSW,3473,5416,8889
123031445,NSW,1464,893,2357
123031446,NSW,2509,1518,4027
123031447,NSW,4760,3208,7968
123031448,NSW,2485,1001,3486
124011449,NSW,783,1836,2619
124011450,NSW,4122,4894,9016
124011452,NSW,3440,7905,11345
124011453,NSW,1442,3106,4548
124011454,NSW,7016,9174,16190
124011455,NSW,671,1390,2061
124031457,NSW,3513,3407,6920
124031458,NSW,5183,3735,8918
124031459,NSW,4644,3251,7895
124031460,NSW,5504,3756,9260
124031461,NSW,3996,3377,7373
124031462,NSW,3390,3606,6996
124031463,NSW,2299,682,2981
124031464,NSW,13714,10596,24310
124031465,NSW,1696,805,2501
124041466,NSW,7311,4682,11993
124041467,NSW,5690,3938,9628
124041468,NSW,1713,745,2458
124051469,NSW,1622,1567,3189
124051470,NSW,4277,4519,8796
124051580,NSW,2085,2826,4911
124051581,NSW,1909,2577,4486
125011473,NSW,2617,2710,5327
125011582,NSW,815,2131,2946
125011583,NSW,667,1639,2306
125011584,NSW,3084,5454,8538
125011585,NSW,595,1451,2046
125011586,NSW,1940,2997,4937
125011587,NSW,1132,2173,3305
125021476,NSW,5374,3880,9254
125021477,NSW,4541,4144,8685
125021478,NSW,3787,2887,6674
125031479,NSW,2323,4908,7231
125031480,NSW,1131,2726,3857
125031481,NSW,1512,2173,3685
125031482,NSW,5173,5037,10210
125031483,NSW,2707,4913,7620
125031484,NSW,2094,2687,4781
125031485,NSW,4097,5086,9183
125041489,NSW,2555,3572,6127
125041490,NSW,2232,1446,3678
125041491,NSW,2615,2054,4669
125041492,NSW,9157,11435,20592
125041493,NSW,3809,4343,8152
125041494,NSW,3229,1693,4922
125041588,NSW,2519,3582,6101
125041589,NSW,1787,2940,4727
126011495,NSW,8825,7023,15848
126011496,NSW,5808,3689,9497
126021497,NSW,7365,5365,12730
126021498,NSW,2770,2116,4886
126021499,NSW,3637,1985,5622
126021500,NSW,2958,2862,5820
126021501,NSW,2371,1776,4147
126021503,NSW,3882,3337,7219
126021590,NSW,1857,961,2818
126021591,NSW,9887,7626,17513
127011504,NSW,1218,2664,3882
127011505,NSW,2585,1094,3679
127011506,NSW,7701,6286,13987
127011593,NSW,2266,1683,3949
127011594,NSW,1843,3379,5222
127011595,NSW,6813,7857,14670
127011596,NSW,2204,2728,4932
127011597,NSW,2330,2047,4377
127021509,NSW,1800,3461,5261
127021510,NSW,3430,3114,6544
127021511,NSW,1690,5385,7075
127021512,NSW,1645,3559,5204
127021513,NSW,1160,3729,4889
127021514,NSW,1886,2091,3977
127021515,NSW,7043,18693,25736
127021516,NSW,1341,2787,4128
127021517,NSW,683,1143,1826
127021518,NSW,953,400,1353
127021519,NSW,4626,6006,10632
127021520,NSW,1322,2531,3853
127021521,NSW,1721,2176,3897
127031522,NSW,1816,2271,4087
127031523,NSW,4224,2906,7130
127031524,NSW,6809,4480,11289
127031598,NSW,6454,11209,17663
127031599,NSW,890,1759,2649
127031600,NSW,3583,4678,8261
127031601,NSW,593,1002,1595
128011529,NSW,4518,2489,7007
128011530,NSW,20022,9266,29288
128011531,NSW,5304,1764,7068
128011602,NSW,2424,1140,3564
128011603,NSW,3040,1137,4177
128011604,NSW,8216,4121,12337
128011605,NSW,1670,484,2154
128011606,NSW,2819,887,3706
128021533,NSW,1372,1256,2628
128021534,NSW,4053,1862,5915
128021535,NSW,7214,3643,10857
128021536,NSW,5744,4590,10334
128021538,NSW,4761,3889,8650
128021607,NSW,8848,6170,15018
128021608,NSW,1753,1453,3206
128021609,NSW,703,416,1119
201011001,VIC,1584,2249,3833
201011002,VIC,11297,16692,27989
201011003,VIC,2216,4073,6289
201011004,VIC,4494,8269,12763
201011005,VIC,819,1487,2306
201011006,VIC,346,726,1072
201011007,VIC,624,707,1331
201011008,VIC,4244,6141,10385
201021009,VIC,909,1431,2340
201021010,VIC,1311,2012,3323
201021011,VIC,1241,2625,3866
201021012,VIC,881,887,1768
201031013,VIC,971,669,1640
201031014,VIC,815,801,1616
201031015,VIC,810,992,1802
201031016,VIC,2449,2631,5080
201031017,VIC,844,839,1683
202011018,VIC,10503,14498,25001
202011019,VIC,1150,2273,3423
202011020,VIC,1113,1512,2625
202011021,VIC,1236,2176,3412
202011022,VIC,8591,10869,19460
202011023,VIC,699,766,1465
202011024,VIC,1357,1284,2641
202011025,VIC,1664,2297,3961
202021026,VIC,1021,1212,2233
202021027,VIC,1955,5432,7387
202021028,VIC,1164,2173,3337
202021029,VIC,997,1041,2038
202021030,VIC,1577,2437,4014
202021031,VIC,1091,2014,3105
202031032,VIC,677,625,1302
202031033,VIC,2081,1084,3165
203011034,VIC,1100,1328,2428
203011035,VIC,1637,1532,3169
203011036,VIC,1296,1135,2431
203021037,VIC,7259,7718,14977
203021038,VIC,2229,6595,8824
203021039,VIC,10228,14089,24317
203021040,VIC,2760,4664,7424
203021041,VIC,10377,12499,22876
203021042,VIC,2754,2678,5432
203021043,VIC,2991,4561,7552
203021044,VIC,2010,2291,4301
203021045,VIC,1582,3682,5264
203021046,VIC,1975,2026,4001
203021047,VIC,1622,2829,4451
203031048,VIC,2612,3062,5674
203031049,VIC,776,1107,1883
203031050,VIC,3834,4675,8509
203031051,VIC,1410,1517,2927
203031052,VIC,4704,4203,8907
203031053,VIC,6489,7890,14379
204011054,VIC,1922,1257,3179
204011055,VIC,1720,1118,2838
204011056,VIC,5085,6093,11178
204011057,VIC,3164,1640,4804
204011058,VIC,1032,450,1482
204011059,VIC,3998,2746,6744
204011060,VIC,619,350,969
204011062,VIC,942,587,1529
204021063,VIC,4905,2780,7685
204021064,VIC,476,219,695
204021065,VIC,1082,624,1706
204021066,VIC,11675,6232,17907
204021067,VIC,1514,649,2163
204031068,VIC,881,1059,1940
204031069,VIC,2752,1948,4700
204031070,VIC,833,469,1302
204031071,VIC,1094,577,1671
204031072,VIC,1797,798,2595
204031073,VIC,1134,701,1835
204031074,VIC,15029,8402,23431
204031075,VIC,961,621,1582
205011076,VIC,3309,2305,5614
205011077,VIC,1638,929,2567
205011078,VIC,1632,1184,2816
205011079,VIC,12084,6888,18972
205021081,VIC,10833,4023,14856
205021082,VIC,1887,745,2632
205021084,VIC,3806,1594,5400
205021085,VIC,1705,881,2586
205021086,VIC,1123,640,1763
205031087,VIC,2611,1799,4410
205031089,VIC,2567,1608,4175
205031090,VIC,3350,1881,5231
205031091,VIC,3139,3358,6497
205031093,VIC,8278,7625,15903
205041094,VIC,1971,1700,3671
205041095,VIC,4195,5044,9239
205041096,VIC,5756,5037,10793
205041097,VIC,11595,6520,18115
205041098,VIC,1159,705,1864
205051100,VIC,798,430,1228
205051101,VIC,3651,1266,4917
205051102,VIC,1188,433,1621
205051103,VIC,10715,3977,14692
205051104,VIC,1739,626,2365
206011105,VIC,1243,7515,8758
206011106,VIC,591,3750,4341
206011107,VIC,817,3732,4549
206011108,VIC,2318,9444,11762
206011109,VIC,923,1826,2749
206021110,VIC,689,2621,3310
206021111,VIC,1563,8147,9710
206021112,VIC,7115,26048,33163
206031113,VIC,1476,3779,5255
206031114,VIC,16446,19994,36440
206031115,VIC,335,1913,2248
206031116,VIC,1853,2878,4731
206041117,VIC,416,1201,1617
206041118,VIC,776,847,1623
206041119,VIC,670,841,1511
206041121,VIC,1015,2823,3838
206041122,VIC,12481,21167,33648
206041123,VIC,1307,3535,4842
206041124,VIC,546,1367,1913
206041125,VIC,3880,5331,9211
206041126,VIC,3767,4867,8634
206051128,VIC,2257,2879,5136
206051129,VIC,1465,3012,4477
206051130,VIC,2480,3100,5580
206051132,VIC,1332,2052,3384
206051133,VIC,2374,6492,8866
206051134,VIC,466,1309,1775
206061135,VIC,2098,1322,3420
206061136,VIC,2216,3666,5882
206061137,VIC,7246,7928,15174
206061138,VIC,2418,1260,3678
206071139,VIC,4047,7723,11770
206071140,VIC,924,2761,3685
206071141,VIC,255,949,1204
206071142,VIC,728,2748,3476
206071143,VIC,1308,4876,6184
206071144,VIC,3522,5678,9200
206071145,VIC,870,3623,4493
207011146,VIC,2040,2099,4139
207011147,VIC,2521,1614,4135
207011148,VIC,4982,3412,8394
207011149,VIC,3413,2964,6377
207011150,VIC,3398,2643,6041
207011151,VIC,12079,9549,21628
207011152,VIC,2496,2406,4902
207011153,VIC,3725,3058,6783
207011154,VIC,2239,2158,4397
207011155,VIC,4256,3531,7787
207021156,VIC,2014,1589,3603
207021157,VIC,2953,2505,5458
207021159,VIC,3112,1870,4982
207021160,VIC,3007,2557,5564
207021424,VIC,11210,6417,17627
207021425,VIC,3574,2855,6429
207031161,VIC,9855,10204,20059
207031162,VIC,1538,1668,3206
207031163,VIC,4077,4207,8284
207031164,VIC,2553,2817,5370
207031165,VIC,1287,1417,2704
207031166,VIC,2275,2691,4966
207031167,VIC,1426,1396,2822
208011168,VIC,2787,1538,4325
208011169,VIC,5637,3397,9034
208011170,VIC,2099,1334,3433
208011171,VIC,1848,2344,4192
208011172,VIC,14237,9140,23377
208011173,VIC,4169,3234,7403
208021174,VIC,4005,4043,8048
208021176,VIC,1713,2561,4274
208021177,VIC,2598,3251,5849
208021178,VIC,3560,2811,6371
208021179,VIC,1066,1449,2515
208021180,VIC,601,962,1563
208021181,VIC,1823,2214,4037
208021182,VIC,1623,2131,3754
208021426,VIC,2168,2680,4848
208021427,VIC,3132,3595,6727
208031183,VIC,896,1368,2264
208031185,VIC,1878,2309,4187
208031186,VIC,1480,2749,4229
208031187,VIC,844,1543,2387
208031188,VIC,10187,10615,20802
208031189,VIC,1765,2800,4565
208031190,VIC,2533,3337,5870
208031191,VIC,2032,2577,4609
208031193,VIC,9531,10427,19958
208041194,VIC,17557,11044,28601
208041195,VIC,4273,3506,7779
209011196,VIC,1029,1651,2680
209011197,VIC,15018,16852,31870
209011198,VIC,10629,13637,24266
209011199,VIC,1053,3008,4061
209011200,VIC,1444,2313,3757
209011201,VIC,1067,994,2061
209011202,VIC,2464,3412,5876
209011203,VIC,2304,3385,5689
209011204,VIC,1346,1906,3252
209021205,VIC,713,1307,2020
209021207,VIC,1992,6014,8006
209021208,VIC,2023,5462,7485
209021428,VIC,968,3828,4796
209021429,VIC,1154,4616,5770
209031209,VIC,2566,3719,6285
209031210,VIC,1128,1438,2566
209031211,VIC,849,954,1803
209031212,VIC,1936,2294,4230
209031213,VIC,1601,2647,4248
209031214,VIC,1857,2060,3917
209031215,VIC,2036,2551,4587
209041216,VIC,428,474,902
209041217,VIC,658,1507,2165
209041219,VIC,1454,5708,7162
209041220,VIC,2131,4321,6452
209041221,VIC,4512,11021,15533
209041223,VIC,940,3937,4877
209041224,VIC,1731,2571,4302
209041225,VIC,1358,1336,2694
209041430,VIC,1380,1932,3312
209041431,VIC,772,2205,2977
209041432,VIC,649,2029,2678
209041433,VIC,993,3498,4491
209041434,VIC,1601,3439,5040
209041435,VIC,1041,2433,3474
209041436,VIC,5723,11653,17376
209041437,VIC,193,541,734
210011226,VIC,1061,1474,2535
210011228,VIC,1749,1675,3424
210011229,VIC,3557,5279,8836
210011230,VIC,737,887,1624
210011231,VIC,1315,1664,2979
210021232,VIC,2233,2403,4636
210021233,VIC,611,815,1426
210021234,VIC,682,917,1599
210021235,VIC,1727,1859,3586
210031236,VIC,393,1336,1729
210031237,VIC,1035,3288,4323
210031239,VIC,2486,5833,8319
210031438,VIC,5744,14525,20269
210031439,VIC,475,585,1060
210041240,VIC,1515,2190,3705
210041241,VIC,10904,12783,23687
210051242,VIC,467,2102,2569
210051243,VIC,713,2858,3571
210051245,VIC,6983,11611,18594
210051246,VIC,1576,1961,3537
210051247,VIC,527,2683,3210
210051249,VIC,1292,3925,5217
210051250,VIC,428,708,1136
210051441,VIC,350,993,1343
210051442,VIC,1017,2792,3809
210051443,VIC,5565,13148,18713
210051444,VIC,492,1240,1732
210051445,VIC,696,1353,2049
211011251,VIC,2018,1870,3888
211011254,VIC,2808,1959,4767
211011255,VIC,1417,653,2070
211011256,VIC,11640,6071,17711
211011257,VIC,1555,751,2306
211011258,VIC,1667,1101,2768
211011259,VIC,2793,1935,4728
211011260,VIC,9385,5238,14623
211011446,VIC,12406,9956,22362
211011447,VIC,2611,2496,5107
211011448,VIC,2602,2347,4949
211011449,VIC,771,754,1525
211021261,VIC,2908,1942,4850
211021262,VIC,1635,1310,2945
211031263,VIC,1463,1512,2975
211031265,VIC,3953,2714,6667
211031266,VIC,2317,2308,4625
211031267,VIC,4524,4714,9238
211031268,VIC,11075,7838,18913
211031450,VIC,9168,6001,15169
211031451,VIC,2000,2011,4011
211031452,VIC,378,348,726
211041269,VIC,737,779,1516
211041270,VIC,3185,3552,6737
211041271,VIC,781,946,1727
211041272,VIC,2012,1726,3738
211041273,VIC,1797,1316,3113
211051274,VIC,1589,2345,3934
211051275,VIC,1377,883,2260
211051276,VIC,3667,3667,7334
211051277,VIC,1703,1483,3186
211051278,VIC,13764,8538,22302
211051279,VIC,1548,1242,2790
211051280,VIC,1538,1299,2837
211051281,VIC,4434,3760,8194
211051282,VIC,1513,2584,4097
211051283,VIC,1859,1436,3295
211051284,VIC,1255,2356,3611
211051285,VIC,1762,978,2740
211051286,VIC,3156,3065,6221
212011287,VIC,2221,1895,4116
212011288,VIC,2338,1197,3535
212011289,VIC,3407,3161,6568
212011290,VIC,1679,1126,2805
212011291,VIC,1331,1457,2788
212011292,VIC,13883,11618,25501
212021293,VIC,17246,13609,30855
212021294,VIC,3132,3192,6324
212021295,VIC,682,1646,2328
212021297,VIC,1001,2055,3056
212021299,VIC,1613,838,2451
212021453,VIC,1459,2074,3533
212021454,VIC,2021,2892,4913
212021455,VIC,1822,2346,4168
212021456,VIC,1359,2220,3579
212031300,VIC,14589,19634,34223
212031301,VIC,1983,3016,4999
212031302,VIC,1828,3087,4915
212031303,VIC,2159,1870,4029
212031304,VIC,1055,1529,2584
212031305,VIC,2032,4876,6908
212031306,VIC,1484,2567,4051
212031308,VIC,1674,1189,2863
212031457,VIC,1249,1419,2668
212031458,VIC,1478,2896,4374
212041309,VIC,1325,2389,3714
212041310,VIC,1067,2541,3608
212041311,VIC,2449,5931,8380
212041312,VIC,7703,12988,20691
212041313,VIC,1639,1897,3536
212041314,VIC,1864,3608,5472
212041316,VIC,766,1770,2536
212041317,VIC,1114,2894,4008
212041318,VIC,7768,15275,23043
212041459,VIC,683,1778,2461
212041460,VIC,829,1992,2821
212051319,VIC,1625,2162,3787
212051320,VIC,785,1528,2313
212051321,VIC,3935,3270,7205
212051322,VIC,1807,1901,3708
212051323,VIC,7642,6257,13899
212051324,VIC,3380,3796,7176
212051325,VIC,8319,8553,16872
212051326,VIC,9840,13233,23073
212051327,VIC,4137,3439,7576
213011328,VIC,418,916,1334
213011329,VIC,730,1460,2190
213011330,VIC,1324,3820,5144
213011331,VIC,602,1552,2154
213011332,VIC,1913,2872,4785
213011333,VIC,653,1747,2400
213011334,VIC,8562,17588,26150
213011335,VIC,464,1195,1659
213011336,VIC,4242,8802,13044
213011337,VIC,690,1495,2185
213011338,VIC,4863,9759,14622
213011339,VIC,1521,2958,4479
213011340,VIC,2977,3382,6359
213021341,VIC,9374,13954,23328
213021342,VIC,1478,3503,4981
213021343,VIC,988,2680,3668
213021344,VIC,1880,4165,6045
213021345,VIC,834,1317,2151
213021346,VIC,2534,4212,6746
213031347,VIC,369,946,1315
213031348,VIC,3569,9681,13250
213031349,VIC,565,1132,1697
213031350,VIC,543,2074,2617
213031351,VIC,3095,8055,11150
213031352,VIC,1683,5106,6789
213041353,VIC,2812,4097,6909
213041355,VIC,2364,4012,6376
213041356,VIC,10920,17547,28467
213041357,VIC,1823,3514,5337
213041358,VIC,1126,2527,3653
213041359,VIC,315,626,941
213041360,VIC,1384,2643,4027
213041461,VIC,172,412,584
213041462,VIC,220,554,774
213041463,VIC,2315,4657,6972
213051361,VIC,2129,3774,5903
213051362,VIC,10045,15571,25616
213051363,VIC,247,727,974
213051365,VIC,2332,4848,7180
213051366,VIC,1253,2766,4019
213051368,VIC,9066,12412,21478
213051369,VIC,1667,3877,5544
213051464,VIC,345,530,875
213051465,VIC,3659,4838,8497
213051466,VIC,1300,1695,2995
213051467,VIC,1287,2839,4126
213051468,VIC,1071,2064,3135
214011370,VIC,7682,9902,17584
214011371,VIC,11229,12642,23871
214011372,VIC,2196,3883,6079
214011373,VIC,2309,2116,4425
214011374,VIC,5550,5514,11064
214011375,VIC,1941,3289,5230
214011376,VIC,659,903,1562
214021377,VIC,1511,1424,2935
214021378,VIC,1141,1197,2338
214021379,VIC,9004,7752,16756
214021380,VIC,14438,10176,24614
214021381,VIC,3545,2391,5936
214021382,VIC,2006,1787,3793
214021383,VIC,2494,2435,4929
214021384,VIC,10346,8649,18995
214021385,VIC,3785,3023,6808
215011386,VIC,2758,2534,5292
215011387,VIC,622,277,899
215011388,VIC,8775,3944,12719
215011389,VIC,203,104,307
215011390,VIC,2077,779,2856
215011391,VIC,906,439,1345
215011392,VIC,1935,1563,3498
215011393,VIC,838,296,1134
215011394,VIC,2053,721,2774
215021395,VIC,7542,3779,11321
215021396,VIC,790,484,1274
215021398,VIC,1047,304,1351
215021399,VIC,846,548,1394
215021469,NSW,627,167,794
215021469,VIC,6218,4214,10432
215021470,VIC,1717,1170,2887
215031400,VIC,1930,755,2685
215031401,VIC,2142,610,2752
215031402,VIC,1472,504,1976
215031403,VIC,682,262,944
215031404,VIC,5790,1840,7630
215031405,VIC,1258,367,1625
216011406,NSW,1686,479,2165
216011406,VIC,8521,3177,11698
216011407,VIC,3529,1007,4536
216011408,VIC,913,214,1127
216011409,VIC,1219,398,1617
216011410,VIC,1356,431,1787
216021411,VIC,2809,1053,3862
216021412,VIC,404,107,511
216021413,VIC,3900,1314,5214
216021414,VIC,4166,1787,5953
216031415,VIC,1341,683,2024
216031416,VIC,15856,6329,22185
216031417,VIC,4308,2193,6501
216031418,VIC,1318,311,1629
216031419,VIC,2862,1059,3921
217011420,VIC,2006,1117,3123
217011421,VIC,5179,2781,7960
217011422,VIC,4346,3795,8141
217011423,VIC,1629,732,2361
217031471,VIC,1182,645,1827
217031472,VIC,6846,3997,10843
217031473,VIC,957,507,1464
217031474,VIC,1694,779,2473
217031475,VIC,2412,791,3203
217031476,VIC,492,693,1185
217041477,VIC,1494,618,2112
217041478,VIC,2216,1397,3613
217041479,VIC,2106,1663,3769
217041480,VIC,13560,8852,22412
301011001,QLD,3396,3004,6400
301011002,QLD,2467,1208,3675
301011003,QLD,2900,2180,5080
301011004,QLD,9114,6375,15489
301011005,QLD,691,525,1216
301011006,QLD,1932,1188,3120
301021007,QLD,13227,7308,20535
301021008,QLD,1324,820,2144
301021009,QLD,1843,1223,3066
301021011,QLD,1142,782,1924
301021012,QLD,1358,976,2334
301021013,QLD,10007,6319,16326
301021527,QLD,1785,1868,3653
301031015,QLD,1309,1087,2396
301031016,QLD,2651,2414,5065
301031017,QLD,625,783,1408
301031018,QLD,1774,1575,3349
301031020,QLD,9794,7937,17731
301031021,QLD,1318,1541,2859
302011022,QLD,1065,895,1960
302011023,QLD,1644,672,2316
302011025,QLD,1586,1786,3372
302011026,QLD,1955,1336,3291
302021027,QLD,3746,2891,6637
302021028,QLD,12966,9583,22549
302021029,QLD,1160,1178,2338
302021030,QLD,862,1033,1895
302021031,QLD,2366,2400,4766
302021032,QLD,1472,1682,3154
302021033,QLD,1285,1352,2637
302021034,QLD,1404,1431,2835
302031035,QLD,1335,1709,3044
302031038,QLD,3314,3478,6792
302031039,QLD,1743,2250,3993
302031040,QLD,2144,2664,4808
302041041,QLD,3333,2826,6159
302041042,QLD,1255,1622,2877
302041043,QLD,307,433,740
302041044,QLD,6081,5708,11789
302041045,QLD,1809,2333,4142
302041046,QLD,955,1511,2466
303011047,QLD,2124,2161,4285
303011048,QLD,1234,1504,2738
303011049,QLD,764,914,1678
303011050,QLD,1573,1356,2929
303011051,QLD,4113,2765,6878
303021052,QLD,1768,3303,5071
303021053,QLD,12542,11589,24131
303021054,QLD,837,1596,2433
303021055,QLD,973,1595,2568
303021056,QLD,1434,1808,3242
303021057,QLD,870,942,1812
303021058,QLD,442,918,1360
303021059,QLD,1732,2195,3927
303031060,QLD,2479,2250,4729
303031061,QLD,1126,1138,2264
303031062,QLD,10054,7457,17511
303031063,QLD,1403,1590,2993
303031064,QLD,2394,1288,3682
303031065,QLD,1305,1403,2708
303031066,QLD,1200,1025,2225
303041067,QLD,676,927,1603
303041068,QLD,1348,2568,3916
303041069,QLD,691,593,1284
303041070,QLD,871,1357,2228
303041071,QLD,1751,1789,3540
303051072,QLD,2210,2465,4675
303051073,QLD,2909,3475,6384
303051074,QLD,319,391,710
303051076,QLD,5982,6270,12252
303061077,QLD,1161,1617,2778
303061078,QLD,1664,2029,3693
303061079,QLD,1481,1527,3008
303061080,QLD,1741,1456,3197
304011081,QLD,1699,1532,3231
304011082,QLD,3059,2874,5933
304011084,QLD,5564,4035,9599
304021086,QLD,3990,2433,6423
304021087,QLD,1159,581,1740
304021088,QLD,2158,1358,3516
304021089,QLD,1248,622,1870
304021090,QLD,2493,1836,4329
304021091,QLD,818,411,1229
304031092,QLD,2276,1530,3806
304031093,QLD,1138,1110,2248
304031094,QLD,8106,6007,14113
304031095,QLD,844,934,1778
304031096,QLD,1744,1601,3345
304041098,QLD,1176,1160,2336
304041100,QLD,1922,2315,4237
304041101,QLD,1558,1764,3322
304041103,QLD,5155,4412,9567
304041104,QLD,1974,1766,3740
305011105,QLD,19422,19805,39227
305011108,QLD,859,904,1763
305011109,QLD,4402,3950,8352
305011110,QLD,702,1240,1942
305011111,QLD,1087,1429,2516
305011112,QLD,2847,5321,8168
305021113,QLD,724,614,1338
305021114,QLD,2020,1581,3601
305021115,QLD,955,1126,2081
305021117,QLD,2435,2773,5208
305021118,QLD,1564,1534,3098
305031121,QLD,2003,763,2766
305031122,QLD,2622,1606,4228
305031123,QLD,2262,1642,3904
305031124,QLD,2084,1181,3265
305031125,QLD,1503,562,2065
305031126,QLD,879,1395,2274
305031127,QLD,1561,1773,3334
305031130,QLD,1264,1539,2803
305031131,QLD,1771,1601,3372
305041132,QLD,3185,2743,5928
305041133,QLD,931,992,1923
305041134,QLD,1723,1578,3301
305041135,QLD,2466,2596,5062
305041136,QLD,1457,1536,2993
305041137,QLD,1877,2128,4005
306011138,QLD,529,426,955
306011139,QLD,1590,1122,2712
306011140,QLD,1012,877,1889
306011141,QLD,1998,1470,3468
306011142,QLD,4757,3604,8361
306011143,QLD,1015,1179,2194
306021144,QLD,5248,3961,9209
306021145,QLD,6938,5797,12735
306021146,QLD,949,708,1657
306021147,QLD,967,944,1911
306021148,QLD,1139,902,2041
306021149,QLD,633,604,1237
306021152,QLD,985,1240,2225
306021154,QLD,10004,7090,17094
306021155,QLD,762,716,1478
306021156,QLD,1726,1813,3539
306021157,QLD,1374,1163,2537
306031158,QLD,1163,617,1780
306031159,QLD,3804,2437,6241
306031160,QLD,1671,851,2522
306031161,QLD,3735,1977,5712
306031163,QLD,153,558,711
306041164,QLD,1294,1015,2309
306041165,QLD,1896,1240,3136
306051166,QLD,5873,2871,8744
306051167,QLD,1061,746,1807
306051168,QLD,503,774,1277
306051169,QLD,1694,989,2683
306051170,QLD,4679,2249,6928
307011171,QLD,1354,490,1844
307011172,QLD,2738,815,3553
307011173,QLD,2842,661,3503
307011174,QLD,1032,340,1372
307011175,QLD,1251,267,1518
307011176,QLD,2928,917,3845
307011177,QLD,1107,245,1352
307011178,QLD,855,312,1167
307021179,QLD,2402,745,3147
307021180,QLD,2082,743,2825
307021181,QLD,936,321,1257
307021182,QLD,1742,540,2282
307021183,QLD,6854,1847,8701
307031184,QLD,1409,366,1775
307031185,QLD,931,244,1175
307031186,QLD,1284,407,1691
307031187,QLD,2780,1228,4008
307031188,QLD,1314,606,1920
307031189,QLD,7692,2950,10642
308011190,QLD,1209,1167,2376
308011191,QLD,1295,484,1779
308011192,QLD,5138,2134,7272
308031205,QLD,684,722,1406
308031206,QLD,357,211,568
308031207,QLD,914,640,1554
308031208,QLD,1758,1376,3134
308031209,QLD,489,205,694
308031210,QLD,2451,2310,4761
308031211,QLD,1171,1002,2173
308031212,QLD,474,674,1148
308031213,QLD,1435,964,2399
308031214,QLD,524,545,1069
308031215,QLD,1657,1253,2910
308031216,QLD,1153,1010,2163
308031217,QLD,11376,7483,18859
308031218,QLD,493,300,793
308031219,QLD,301,170,471
308031220,QLD,676,181,857
308031222,QLD,1277,889,2166
308031223,QLD,8659,4535,13194
308041528,QLD,1962,612,2574
308041529,QLD,2118,1553,3671
308051530,QLD,1586,1106,2692
308051531,QLD,1883,2008,3891
308051533,QLD,964,1327,2291
308051534,QLD,7656,9242,16898
308051535,QLD,1479,1226,2705
308051538,QLD,332,540,872
308051539,QLD,688,992,1680
309011224,QLD,791,298,1089
309011225,QLD,9245,5127,14372
309011226,QLD,1209,822,2031
309011227,QLD,1941,1115,3056
309011228,QLD,10242,4329,14571
309011229,QLD,689,471,1160
309021230,NSW,1,6,7
309021230,QLD,1028,936,1964
309021231,QLD,2207,1763,3970
309021232,QLD,1119,809,1928
309021233,QLD,1872,1392,3264
309021234,QLD,7814,5252,13066
309031235,QLD,2676,1917,4593
309031236,QLD,1264,853,2117
309031237,QLD,2720,1709,4429
309031238,QLD,2174,2055,4229
309031240,QLD,13647,5000,18647
309041241,QLD,104,158,262
309041242,QLD,3741,2453,6194
309051243,QLD,1505,980,2485
309051244,QLD,3621,1850,5471
309051245,QLD,1742,857,2599
309061246,QLD,6912,3322,10234
309061247,QLD,1668,1169,2837
309061248,QLD,4363,3061,7424
309061249,QLD,2765,2152,4917
309061250,QLD,456,249,705
309071251,QLD,2727,1838,4565
309071252,QLD,14391,7681,22072
309071253,QLD,2159,670,2829
309071254,QLD,1326,544,1870
309071255,QLD,3215,1897,5112
309071256,QLD,2499,1621,4120
309071257,QLD,2992,2287,5279
309071258,QLD,4275,2889,7164
309081260,QLD,1677,863,2540
309081261,QLD,15881,7823,23704
309081262,QLD,2740,2259,4999
309091263,QLD,3393,2078,5471
309091540,QLD,12133,7155,19288
309091541,QLD,1373,1065,2438
309101267,QLD,1897,825,2722
309101269,QLD,1135,381,1516
309101270,QLD,4729,2131,6860
310011271,QLD,421,1010,1431
310011272,QLD,889,2678,3567
310011273,QLD,6774,10951,17725
310011274,QLD,526,1871,2397
310011275,QLD,1216,1758,2974
310011276,QLD,208,557,765
310021277,QLD,3926,1399,5325
310021278,QLD,1295,767,2062
310021280,QLD,3823,2476,6299
310021281,QLD,3107,2704,5811
310021282,QLD,2400,2007,4407
310031283,QLD,1846,2233,4079
310031284,QLD,1183,1877,3060
310031285,QLD,5259,4753,10012
310031286,QLD,7200,7946,15146
310031287,QLD,2194,3173,5367
310031288,QLD,381,202,583
310031289,QLD,1491,947,2438
310031290,QLD,1257,1028,2285
310031291,QLD,787,1353,2140
310031292,QLD,1808,2111,3919
310031293,QLD,1682,2072,3754
310031294,QLD,1233,1177,2410
310031295,QLD,305,576,881
310041296,QLD,2538,3034,5572
310041297,QLD,1552,2083,3635
310041299,QLD,1326,2023,3349
310041300,QLD,782,1687,2469
310041302,QLD,1529,2545,4074
310041303,QLD,817,1101,1918
310041304,QLD,5844,6587,12431
311011305,QLD,5109,2389,7498
311021306,QLD,8403,5691,14094
311021307,QLD,1193,1353,2546
311021308,QLD,1017,980,1997
311021309,QLD,1409,1149,2558
311021310,QLD,1144,728,1872
311031311,QLD,2404,2106,4510
311031312,QLD,599,1053,1652
311031313,QLD,869,641,1510
311031314,QLD,693,1444,2137
311031316,QLD,735,701,1436
311031317,QLD,673,1460,2133
311031319,QLD,7920,7881,15801
311041320,QLD,2289,1626,3915
311041321,QLD,7792,5636,13428
311041322,QLD,1453,1044,2497
311051323,QLD,1558,1458,3016
311051324,QLD,1637,858,2495
311051325,QLD,5321,3427,8748
311051326,QLD,673,897,1570
311051327,QLD,2588,1965,4553
311051328,QLD,1656,2094,3750
311061329,QLD,1354,1157,2511
311061330,QLD,371,933,1304
311061331,QLD,5763,10045,15808
311061332,QLD,1755,1850,3605
311061333,QLD,423,755,1178
311061334,QLD,5438,4639,10077
311061336,QLD,477,1309,1786
312011337,QLD,3073,1624,4697
312011338,QLD,981,637,1618
312011339,QLD,1077,293,1370
312011340,QLD,487,427,914
312011341,QLD,1665,1882,3547
312021342,QLD,2471,1736,4207
312021343,QLD,892,616,1508
312021344,QLD,1399,830,2229
312021346,QLD,16995,9111,26106
312021348,QLD,1882,942,2824
312021349,QLD,1461,980,2441
312021350,QLD,814,429,1243
312021351,QLD,1783,874,2657
312021352,QLD,3498,1957,5455
312021353,QLD,1583,666,2249
312021354,QLD,1111,687,1798
312021355,QLD,581,471,1052
312021356,QLD,839,516,1355
312021357,QLD,1833,744,2577
312021358,QLD,825,501,1326
312031359,QLD,1962,1326,3288
312031361,QLD,4106,2144,6250
313011362,QLD,2736,2287,5023
313011363,QLD,8039,5253,13292
313021365,QLD,7849,8296,16145
313021366,QLD,8146,7310,15456
313021367,QLD,764,532,1296
313021368,QLD,1606,2171,3777
313021369,QLD,833,534,1367
313031370,QLD,1198,632,1830
313031371,QLD,1310,871,2181
313041372,QLD,6251,5192,11443
313041373,QLD,5953,4925,10878
313041375,QLD,1738,1521,3259
313041376,QLD,269,192,461
313051377,QLD,1220,994,2214
313051378,QLD,2211,1941,4152
313051379,QLD,1482,1179,2661
313051380,QLD,10832,7223,18055
313051542,QLD,2046,1331,3377
314011382,QLD,8619,5543,14162
314011383,QLD,1581,1117,2698
314011384,QLD,1823,1423,3246
314011385,QLD,1109,822,1931
314011386,QLD,7311,6834,14145
314011387,QLD,3867,2914,6781
314021388,QLD,6035,6546,12581
314021389,QLD,2608,2339,4947
314021390,QLD,10199,6971,17170
314031391,QLD,3385,3370,6755
314031392,QLD,660,890,1550
314031393,QLD,1466,1583,3049
314031394,QLD,8523,7489,16012
315011395,QLD,105,403,508
315011396,QLD,1201,1194,2395
315011397,QLD,194,62,256
315011398,QLD,237,455,692
315011399,QLD,150,308,458
315011400,QLD,897,579,1476
315011401,QLD,457,878,1335
315011403,QLD,997,679,1676
315021404,QLD,575,547,1122
315021405,QLD,4563,3065,7628
315021406,QLD,780,327,1107
315021407,QLD,722,291,1013
315031408,QLD,1359,624,1983
315031409,QLD,1347,498,1845
315031410,QLD,457,165,622
315031411,QLD,590,291,881
315031412,QLD,1232,397,1629
316011413,QLD,2092,989,3081
316011414,QLD,7620,3374,10994
316011415,QLD,2064,1189,3253
316011416,QLD,2037,1507,3544
316021417,QLD,1630,1109,2739
316021418,QLD,1276,753,2029
316021419,QLD,12964,6906,19870
316021420,QLD,3154,2223,5377
316021421,QLD,2294,1139,3433
316021422,QLD,1347,1136,2483
316021423,QLD,8137,4174,12311
316021424,QLD,7,3,10
316031425,QLD,6482,4775,11257
316031426,QLD,1883,1213,3096
316031427,QLD,18428,9211,27639
316031428,QLD,1330,934,2264
316051435,QLD,3319,1777,5096
316051437,QLD,8825,4918,13743
316051438,QLD,1772,1298,3070
316051543,QLD,567,579,1146
316051544,QLD,1143,657,1800
316061439,QLD,3838,2420,6258
316061440,QLD,2727,2346,5073
316061441,QLD,1139,808,1947
316061442,QLD,2130,1628,3758
316061443,QLD,1275,828,2103
316061444,QLD,1800,1294,3094
316071545,QLD,1610,910,2520
316071546,QLD,725,352,1077
316071547,QLD,2124,1687,3811
316071548,QLD,9827,6154,15981
316081549,QLD,3314,2950,6264
317011445,QLD,1361,465,1826
317011446,QLD,1704,994,2698
317011447,QLD,2707,1487,4194
317011448,QLD,5267,2264,7531
317011449,QLD,2382,846,3228
317011450,QLD,3198,1064,4262
317011451,QLD,2482,984,3466
317011452,QLD,1487,621,2108
317011453,QLD,1721,1252,2973
317011454,QLD,1284,822,2106
317011455,QLD,6180,2492,8672
317011456,QLD,17768,7897,25665
317011457,QLD,1842,884,2726
317011458,QLD,2790,1100,3890
317011459,QLD,3500,1944,5444
318011460,QLD,4915,1837,6752
318011461,QLD,1632,570,2202
318011462,QLD,3485,1616,5101
318011463,QLD,148,48,196
318011464,QLD,3345,1233,4578
318011465,QLD,1386,537,1923
318011466,QLD,153,341,494
318021467,QLD,728,717,1445
318021468,QLD,2146,1285,3431
318021469,QLD,658,497,1155
318021470,QLD,1852,1089,2941
318021471,QLD,2970,2535,5505
318021472,QLD,860,677,1537
318021473,QLD,3740,2332,6072
318021474,QLD,1203,985,2188
318021475,QLD,16931,9589,26520
318021476,QLD,1253,1264,2517
318021477,QLD,1094,1023,2117
318021478,QLD,451,397,848
318021479,QLD,1253,1187,2440
318021480,QLD,1140,955,2095
318021481,QLD,1549,1176,2725
318021482,QLD,2992,2028,5020
318021483,QLD,582,646,1228
318021484,QLD,1385,840,2225
318021485,QLD,939,953,1892
318021486,QLD,1215,699,1914
318021487,QLD,992,592,1584
318021488,QLD,1091,964,2055
318021489,QLD,842,450,1292
318021490,QLD,5447,3786,9233
318021491,QLD,1225,878,2103
319011492,QLD,549,385,934
319011493,QLD,3745,2091,5836
319011494,QLD,533,268,801
319011495,QLD,14559,8675,23234
319011496,QLD,1022,616,1638
319011497,QLD,1477,929,2406
319011498,QLD,1303,978,2281
319011499,QLD,2847,1240,4087
319011500,QLD,2829,1667,4496
319011501,QLD,552,518,1070
319011502,QLD,1045,851,1896
319021503,QLD,1844,798,2642
319021504,QLD,934,738,1672
319021505,QLD,5286,1927,7213
319021506,QLD,2346,1046,3392
319021507,QLD,636,193,829
319021508,QLD,974,298,1272
319021509,QLD,2632,1580,4212
319031511,QLD,1602,953,2555
319031512,QLD,10114,5049,15163
319031513,QLD,1944,934,2878
319031514,QLD,3233,1663,4896
319031515,QLD,1146,388,1534
319041516,QLD,417,205,622
319041518,QLD,13443,6516,19959
319041520,QLD,1695,1081,2776
319041521,QLD,5810,3107,8917
319051522,QLD,1984,1095,3079
319051523,QLD,509,461,970
319051524,QLD,9640,6482,16122
319051525,QLD,1420,828,2248
319051526,QLD,877,505,1382
401011001,SA,5672,8297,13969
401011002,SA,1655,1491,3146
401021003,SA,2062,1499,3561
401021004,SA,5348,5813,11161
401021005,SA,1290,914,2204
401021006,SA,2726,1956,4682
401021007,SA,7731,7160,14891
401021008,SA,1310,1329,2639
401021009,SA,879,1085,1964
401021010,SA,887,1002,1889
401031011,SA,5294,3278,8572
401031012,SA,2700,1617,4317
401031013,SA,3084,1746,4830
401041014,SA,3057,2415,5472
401041015,SA,2830,2626,5456
401041016,SA,4072,3546,7618
401051017,SA,2747,2668,5415
401051018,SA,10083,6967,17050
401051019,SA,2448,2274,4722
401061020,SA,1897,2106,4003
401061021,SA,2940,3813,6753
401061022,SA,2417,1831,4248
401071023,SA,3632,4440,8072
401071024,SA,6841,5115,11956
402011025,SA,1590,1599,3189
402011026,SA,6554,7108,13662
402011027,SA,1054,923,1977
402021028,SA,2571,4916,7487
402021029,SA,1638,4208,5846
402021030,SA,4165,8372,12537
402021031,SA,1331,3151,4482
402021032,SA,1689,2440,4129
402021033,SA,565,399,964
402021034,SA,2816,6850,9666
402021035,SA,717,741,1458
402031036,SA,2013,4075,6088
402031037,SA,2648,3581,6229
402031038,SA,3346,3947,7293
402041040,SA,2540,4700,7240
402041041,SA,1490,3018,4508
402041043,SA,2200,5048,7248
402041044,SA,1975,4551,6526
402041046,SA,1792,4082,5874
402041047,SA,3114,5048,8162
402041048,SA,1789,4425,6214
402041171,SA,3748,5387,9135
402041172,SA,888,2246,3134
402051049,SA,3717,4309,8026
402051050,SA,1762,2258,4020
402051051,SA,2552,1910,4462
402051052,SA,7795,9764,17559
402051053,SA,3701,5404,9105
402051054,SA,2913,3968,6881
402051055,SA,2896,3580,6476
403011056,SA,7581,6455,14036
403011057,SA,8178,5776,13954
403021058,SA,2134,2844,4978
403021059,SA,2360,3274,5634
403021060,SA,2279,2360,4639
403021061,SA,2155,2922,5077
403021062,SA,2670,2891,5561
403021063,SA,1829,2953,4782
403021064,SA,1956,2221,4177
403031065,SA,1242,1786,3028
403031066,SA,1083,1428,2511
403031067,SA,2645,2773,5418
403031068,SA,7190,6960,14150
403031069,SA,4332,3507,7839
403031070,SA,1406,1495,2901
403041071,SA,4379,4892,9271
403041072,SA,3294,4695,7989
403041073,SA,1049,2922,3971
403041074,SA,1340,3023,4363
403041075,SA,834,690,1524
403041076,SA,1242,1305,2547
403041077,SA,1562,1616,3178
403041078,SA,842,1584,2426
403041079,SA,726,2103,2829
403041080,SA,1898,2439,4337
403041083,SA,1514,1272,2786
403041084,SA,1643,3526,5169
403041085,SA,5487,9434,14921
403041086,SA,1989,3678,5667
403041087,SA,3199,6846,10045
403041088,SA,775,985,1760
403041089,SA,3038,4822,7860
404011090,SA,763,1261,2024
404011091,SA,3538,4468,8006
404011092,SA,2913,2881,5794
404011093,SA,2628,5715,8343
404011094,SA,1376,2270,3646
404011095,SA,3504,3976,7480
404011096,SA,7680,7749,15429
404011097,SA,2477,4907,7384
404021099,SA,2397,5100,7497
404021100,SA,1001,2013,3014
404021101,SA,3560,6917,10477
404021102,SA,2077,5136,7213
404031105,SA,497,429,926
404031106,SA,2649,2904,5553
404031107,SA,3302,4017,7319
404031108,SA,2447,5683,8130
404031109,SA,1116,889,2005
405011110,SA,1957,1195,3152
405011111,SA,2456,1667,4123
405011112,SA,1633,1276,2909
405011113,SA,690,434,1124
405011114,SA,3668,1880,5548
405011115,SA,1294,649,1943
405021116,SA,1479,639,2118
405021117,SA,1562,720,2282
405021118,SA,1396,585,1981
405021119,SA,3208,1358,4566
405031120,SA,1657,541,2198
405031121,NT,1495,1118,2613
405031121,SA,1795,738,2533
405031122,SA,4642,4077,8719
405031123,SA,920,387,1307
405041124,SA,2924,1493,4417
405041125,SA,1409,770,2179
405041126,SA,989,736,1725
405041127,SA,2702,977,3679
405041128,SA,1517,669,2186
406011129,SA,842,373,1215
406011130,SA,2458,652,3110
406011131,SA,1525,301,1826
406011132,SA,903,259,1162
406011133,SA,6156,2842,8998
406011134,SA,897,241,1138
406011136,SA,4934,6392,11326
406021139,SA,304,286,590
406021140,SA,505,228,733
406021141,SA,150,134,284
406021142,SA,4185,3496,7681
406021143,SA,1065,439,1504
407011144,SA,2378,2143,4521
407011145,SA,1396,836,2232
407011146,SA,2850,2098,4948
407011147,SA,1580,1036,2616
407011148,SA,7374,5875,13249
407011149,SA,1419,1237,2656
407021150,SA,1106,367,1473
407021151,SA,1530,379,1909
407021152,SA,1509,1000,2509
407021154,SA,3095,873,3968
407021155,SA,400,55,455
407021156,SA,1269,476,1745
407021157,SA,2643,599,3242
407021158,SA,1249,425,1674
407021173,SA,9346,4240,13586
407021174,SA,3620,1897,5517
407031159,SA,2280,903,3183
407031160,SA,1125,691,1816
407031161,SA,980,210,1190
407031162,SA,2296,711,3007
407031163,SA,196,73,269
407031164,SA,1900,1068,2968
407031165,SA,7294,3919,11213
407031166,SA,601,201,802
407031167,SA,2862,1233,4095
407031168,SA,1230,493,1723
407031169,SA,1742,572,2314
407031170,SA,2200,910,3110
501011001,WA,1830,1248,3078
501011002,WA,10307,4408,14715
501011003,WA,3454,1653,5107
501011004,WA,2076,1976,4052
501021005,WA,4684,2574,7258
501021007,WA,1572,821,2393
501021008,WA,1328,1076,2404
501021009,WA,1896,2754,4650
501021010,WA,1167,424,1591
501021012,WA,2413,1428,3841
501021014,WA,2482,1172,3654
501021015,WA,1847,1235,3082
501021016,WA,1073,588,1661
501021251,WA,1778,1133,2911
501021252,WA,836,397,1233
501021253,WA,10477,5854,16331
501021254,WA,626,588,1214
501031017,WA,1666,946,2612
501031018,WA,1763,891,2654
501031019,WA,2494,1268,3762
501031020,WA,1132,692,1824
502011021,WA,1114,692,1806
502011022,WA,5526,3120,8646
502011023,WA,12555,7983,20538
502011024,WA,3216,1966,5182
502011025,WA,1091,1044,2135
502011026,WA,1592,923,2515
502011027,WA,3074,2031,5105
502011028,WA,1329,953,2282
502011029,WA,1730,1119,2849
503011030,WA,2247,701,2948
503011031,WA,3338,1462,4800
503011032,WA,2772,1201,3973
503011033,WA,2046,892,2938
503011034,WA,2746,1380,4126
503011035,WA,4464,2183,6647
503011036,WA,1875,954,2829
503021038,WA,2479,3157,5636
503021039,WA,2960,3815,6775
503021040,WA,1492,2398,3890
503021041,WA,8595,8879,17474
503021042,WA,8363,5117,13480
503021043,WA,4742,3350,8092
504011044,WA,2670,4042,6712
504011045,WA,2697,4306,7003
504011046,WA,1892,3028,4920
504011047,WA,9322,9092,18414
504011048,WA,2082,1953,4035
504021049,WA,653,443,1096
504021050,WA,1335,1328,2663
504021051,WA,1115,724,1839
504021053,WA,4584,3215,7799
504021054,WA,7175,5829,13004
504031056,WA,3402,4196,7598
504031057,WA,3602,5142,8744
504031058,WA,1324,772,2096
504031059,WA,9360,8030,17390
504031060,WA,715,336,1051
504031061,WA,813,618,1431
504031062,WA,869,1533,2402
504031063,WA,2316,2416,4732
504031065,WA,1181,1080,2261
504031066,WA,1744,1920,3664
504031067,WA,1255,1346,2601
504031068,WA,1432,907,2339
505011070,WA,1805,1984,3789
505011071,WA,2931,2144,5075
505011072,WA,4605,2776,7381
505011073,WA,3193,2923,6116
505011074,WA,2741,2228,4969
505011075,WA,3565,1615,5180
505011076,WA,2100,959,3059
505011077,WA,10722,6922,17644
505011078,WA,3449,2196,5645
505011079,WA,2923,1790,4713
505011080,WA,2877,1536,4413
505011081,WA,2199,1764,3963
505011082,WA,3537,1460,4997
505011083,WA,2673,1740,4413
505021084,WA,10821,7277,18098
505021085,WA,2011,3563,5574
505021086,WA,5701,4650,10351
505021088,WA,3283,2642,5925
505021089,WA,6794,4038,10832
505021090,WA,1649,2323,3972
505021092,WA,1754,1444,3198
505021093,WA,1697,1274,2971
505021094,WA,2103,1169,3272
505021095,WA,2449,2582,5031
505021096,WA,4763,2499,7262
505021097,WA,4015,3110,7125
505031098,WA,1703,2383,4086
505031099,WA,4475,4289,8764
505031100,WA,2723,2606,5329
505031101,WA,1982,2106,4088
505031102,WA,884,1648,2532
505031103,WA,6007,4741,10748
505031104,WA,2173,3220,5393
505031105,WA,4022,2608,6630
505031107,WA,1725,1553,3278
505031108,WA,7598,5956,13554
505031255,WA,1156,1174,2330
505031257,WA,509,429,938
505031258,WA,3140,2278,5418
506011110,WA,6316,8521,14837
506011112,WA,955,1594,2549
506011113,WA,3431,3660,7091
506011114,WA,1579,2263,3842
506011115,WA,1486,1075,2561
506011116,WA,1813,1241,3054
506011117,WA,761,1189,1950
506021118,WA,5165,5341,10506
506021119,WA,2970,4112,7082
506021121,WA,0,0,0
506021122,WA,3027,3359,6386
506021123,WA,1914,2035,3949
506031124,WA,2523,2653,5176
506031125,WA,2798,2061,4859
506031127,WA,9704,9538,19242
506031128,WA,2333,2384,4717
506031129,WA,3061,1819,4880
506031131,WA,4554,3477,8031
506041132,WA,2208,3053,5261
506041133,WA,3323,3355,6678
506041134,WA,2539,4059,6598
506041135,WA,2723,3354,6077
506041136,WA,1378,2023,3401
506041137,WA,3646,4826,8472
506051138,WA,3830,3332,7162
506051139,WA,2346,2099,4445
506051140,WA,4108,2417,6525
506051141,WA,3558,2088,5646
506061142,WA,5747,3750,9497
506061143,WA,1256,660,1916
506061144,WA,986,535,1521
506071145,WA,4072,2613,6685
506071146,WA,1611,1130,2741
506071147,WA,4316,2683,6999
507011148,WA,3121,3250,6371
507011152,WA,2171,1986,4157
507011153,WA,688,1370,2058
507011154,WA,1408,2584,3992
507011159,WA,2135,2714,4849
507011160,WA,1440,2268,3708
507011161,WA,7566,8092,15658
507011163,WA,777,1279,2056
507011259,WA,1798,2164,3962
507021164,WA,804,573,1377
507021165,WA,5446,9400,14846
507021166,WA,2245,4831,7076
507031169,WA,1494,2480,3974
507031170,WA,1400,3111,4511
507031173,WA,218,336,554
507031174,WA,513,1118,1631
507031261,WA,1237,1201,2438
507041175,WA,9067,3897,12964
507041176,WA,1270,750,2020
507041177,WA,2985,2990,5975
507041178,WA,3610,2242,5852
507041179,WA,1933,1263,3196
507041180,WA,3270,1985,5255
507041181,WA,4144,2564,6708
507041182,WA,1741,1706,3447
507041183,WA,1260,1417,2677
507041184,WA,1856,929,2785
507051185,WA,4230,4889,9119
507051186,WA,681,1543,2224
507051187,WA,3704,4732,8436
507051188,WA,9266,11483,20749
507051190,WA,1563,2048,3611
507051191,WA,3171,3541,6712
507051192,WA,1617,2391,4008
507051193,WA,1457,2287,3744
509011225,WA,9323,5738,15061
509011226,WA,915,438,1353
509011227,WA,744,460,1204
509011228,WA,1196,1289,2485
509011229,WA,894,190,1084
509011230,WA,1152,487,1639
509011231,WA,1543,361,1904
509011232,WA,777,528,1305
509011233,WA,1399,840,2239
509011234,WA,1436,740,2176
509021236,WA,1471,738,2209
509021237,WA,1194,334,1528
509021238,WA,1412,313,1725
509021239,WA,2599,889,3488
509021240,WA,1926,520,2446
509021241,WA,1584,289,1873
509021242,WA,829,177,1006
509021243,WA,3554,2161,5715
509021244,WA,802,504,1306
509021245,WA,1507,696,2203
509031246,WA,1289,340,1629
509031247,WA,1671,274,1945
509031248,WA,568,348,916
509031249,WA,1695,708,2403
509031250,WA,1599,394,1993
510011262,WA,2446,2528,4974
510011263,WA,455,620,1075
510011264,WA,114,166,280
510011265,WA,1098,766,1864
510021268,WA,654,503,1157
510021269,WA,540,369,909
510021270,WA,1890,1707,3597
510031271,WA,893,638,1531
510031272,WA,3404,2471,5875
510031273,WA,361,310,671
511011274,WA,4732,1867,6599
511011275,WA,525,187,712
511021276,WA,1225,640,1865
511021277,WA,829,596,1425
511031278,WA,687,611,1298
511031279,WA,5314,3201,8515
511031280,WA,1190,707,1897
511031282,WA,609,513,1122
511031283,WA,206,156,362
511041285,WA,9589,4674,14263
511041286,WA,674,540,1214
511041287,WA,1237,611,1848
511041288,WA,1546,856,2402
511041289,WA,1109,344,1453
511041290,WA,267,175,442
511041291,WA,1318,328,1646
511041292,WA,1673,610,2283
601011001,TAS,994,2220,3214
601011002,TAS,1190,1935,3125
601011003,TAS,624,954,1578
601021004,TAS,3352,5416,8768
601021005,TAS,1928,2654,4582
601021006,TAS,658,1235,1893
601021007,TAS,1759,2531,4290
601021008,TAS,1027,1871,2898
601021009,TAS,653,1791,2444
601021010,TAS,271,882,1153
601021011,TAS,539,1670,2209
601021012,TAS,709,1301,2010
601031013,TAS,942,1322,2264
601031014,TAS,457,1164,1621
601031015,TAS,1153,2669,3822
601031016,TAS,818,2032,2850
601031017,TAS,3916,7846,11762
601031018,TAS,240,518,758
601031019,TAS,799,1917,2716
601031020,TAS,1364,2593,3957
601041022,TAS,3376,4961,8337
601041023,TAS,1972,3229,5201
601041024,TAS,1682,2564,4246
601041026,TAS,435,1068,1503
601051027,TAS,4729,9460,14189
601051028,TAS,956,2445,3401
601051029,TAS,493,841,1334
601051030,TAS,653,1433,2086
601051031,TAS,2677,2730,5407
601051032,TAS,671,2273,2944
601051033,TAS,675,2038,2713
601061034,TAS,983,1965,2948
601061035,TAS,3118,4666,7784
602011036,TAS,744,1267,2011
602011037,TAS,877,1044,1921
602011038,TAS,10168,9271,19439
602011039,TAS,1411,994,2405
602011040,TAS,311,466,777
602011041,TAS,1407,1969,3376
602011042,TAS,865,824,1689
602011043,TAS,1242,984,2226
602011044,TAS,619,482,1101
602011045,TAS,497,953,1450
602011046,TAS,1021,658,1679
602011047,TAS,570,857,1427
602011048,TAS,2163,2065,4228
602011049,TAS,1333,1369,2702
602011050,TAS,973,1027,2000
602011051,TAS,480,695,1175
602011052,TAS,715,681,1396
602021053,TAS,939,914,1853
602021054,TAS,1554,1385,2939
602021055,TAS,1342,1103,2445
602021056,TAS,985,748,1733
602021057,TAS,1121,827,1948
602031058,TAS,1092,968,2060
602031059,TAS,1538,1750,3288
602031060,TAS,1078,930,2008
602031061,TAS,969,918,1887
602031062,TAS,1331,1268,2599
602031064,TAS,1443,2078,3521
602031099,TAS,256,227,483
602031100,TAS,2177,1258,3435
603011065,TAS,445,362,807
603011066,TAS,426,717,1143
603011067,TAS,1327,1574,2901
603021069,TAS,597,1124,1721
603021070,TAS,770,1558,2328
603021071,TAS,807,1056,1863
603021072,TAS,1651,2654,4305
603031073,TAS,362,645,1007
603031074,TAS,1158,1301,2459
604011075,TAS,1089,1424,2513
604011076,TAS,1189,866,2055
604011077,TAS,4433,4608,9041
604011078,TAS,780,783,1563
604011079,TAS,1402,1230,2632
604011080,TAS,173,264,437
604011081,TAS,713,699,1412
604011082,TAS,3432,2611,6043
604011083,TAS,613,595,1208
604011084,TAS,1615,1407,3022
604021085,TAS,6614,6237,12851
604021086,TAS,824,924,1748
604021087,TAS,1429,1116,2545
604021088,TAS,590,468,1058
604021089,TAS,1571,1041,2612
604021090,TAS,774,513,1287
604021091,TAS,1489,1263,2752
604021092,TAS,986,634,1620
604031093,TAS,467,307,774
604031094,TAS,1261,624,1885
604031095,TAS,1074,621,1695
604031096,TAS,992,857,1849
604031097,TAS,945,1137,2082
701011002,NT,5012,4844,9856
701011005,NT,378,307,685
701011006,NT,342,419,761
701011007,NT,911,1084,1995
701011008,NT,555,704,1259
701021011,NT,464,644,1108
701021012,NT,122,114,236
701021013,NT,4521,5918,10439
701021019,NT,819,1305,2124
701021020,NT,712,881,1593
701021022,NT,394,599,993
701021023,NT,332,594,926
701021024,NT,490,690,1180
701021025,NT,202,434,636
701021026,NT,657,1084,1741
701021029,NT,714,1003,1717
701031031,NT,710,403,1113
701031032,NT,818,577,1395
701031034,NT,2945,1635,4580
701031035,NT,368,258,626
701041036,NT,716,772,1488
701041037,NT,644,653,1297
701041038,NT,631,459,1090
701041039,NT,329,453,782
701041041,NT,4147,3058,7205
701041042,NT,659,518,1177
701041043,NT,634,532,1166
701041044,NT,252,287,539
702011045,NT,4184,4237,8421
702011046,NT,327,506,833
702011047,NT,724,612,1336
702011048,NT,341,311,652
702011052,NT,173,101,274
702031057,NT,73,94,167
702051067,NT,711,617,1328
801011001,ACT,449,1552,2001
801011002,ACT,9229,14260,23489
801011003,ACT,473,916,1389
801011004,ACT,929,1564,2493
801011007,ACT,1114,2082,3196
801011008,ACT,454,990,1444
801011010,ACT,838,1407,2245
801011011,ACT,534,1020,1554
801011015,ACT,972,1785,2757
801011016,ACT,1115,2069,3184
801011017,ACT,472,1006,1478
801011019,ACT,654,1390,2044
801011020,ACT,398,1087,1485
801011022,ACT,594,1209,1803
801011023,ACT,539,1084,1623
801011024,ACT,271,912,1183
801011026,ACT,661,1257,1918
801031113,ACT,53,101,154
801041034,ACT,1111,1590,2701
801041035,ACT,798,1228,2026
801041038,ACT,708,827,1535
801041039,ACT,591,925,1516
801041040,ACT,637,916,1553
801041043,ACT,186,226,412
801041044,ACT,864,1352,2216
801041045,ACT,177,166,343
801041046,ACT,905,1641,2546
801041047,ACT,1814,2146,3960
801041048,ACT,1023,1639,2662
801041119,ACT,869,1482,2351
801041121,ACT,484,851,1335
801051050,ACT,331,1581,1912
801051051,ACT,485,1780,2265
801051053,ACT,5757,11544,17301
801051054,ACT,443,1372,1815
801051055,ACT,216,918,1134
801051057,ACT,670,2487,3157
801051060,ACT,549,1922,2471
801051060,NSW,15,27,42
801051061,ACT,510,1845,2355
801051124,ACT,911,1247,2158
801061062,ACT,621,513,1134
801061064,ACT,524,874,1398
801061067,ACT,444,946,1390
801061068,ACT,2574,5658,8232
801061069,ACT,871,1372,2243
801061070,ACT,619,771,1390
801061129,ACT,665,1380,2045
801071072,ACT,504,826,1330
801071073,ACT,794,1092,1886
801071074,ACT,625,807,1432
801071075,ACT,1352,1640,2992
801071076,ACT,759,921,1680
801071077,ACT,691,861,1552
801071078,ACT,1343,1690,3033
801071079,ACT,647,855,1502
801071080,ACT,8998,9801,18799
801071081,ACT,731,1001,1732
801071082,ACT,2065,3417,5482
801071084,ACT,806,1036,1842
801071087,ACT,529,676,1205
801071088,ACT,634,802,1436
801071090,ACT,1289,1997,3286
801081091,ACT,804,1405,2209
801081092,ACT,493,1221,1714
801081094,ACT,668,985,1653
801081097,ACT,830,1643,2473
801081098,ACT,490,811,1301
801091100,ACT,709,1506,2215
801091101,ACT,895,1279,2174
801091102,ACT,520,864,1384
801091103,ACT,632,1048,1680
801091105,ACT,383,815,1198
801091106,ACT,701,1103,1804
801091108,ACT,808,1305,2113
801091109,ACT,7122,8753,15875
801101135,ACT,749,1350,2099
801111140,ACT,55,57,112
901041004,ACT,302,248,550
